"","ONTOLOGY","ID","Description","GeneRatio","BgRatio","RichFactor","FoldEnrichment","zScore","pvalue","p.adjust","qvalue","geneID","Count"
"GO:0045664","BP","GO:0045664","regulation of neuron differentiation","4/18","195/18805",0.0205128205128205,21.4301994301994,8.87665582479381,3.061555945582e-05,0.0125987015093277,0.00797595263186509,"463/57795/5649/55079",4
"GO:0007626","BP","GO:0007626","locomotory behavior","4/18","215/18805",0.0186046511627907,19.4366925064599,8.41579607840021,4.4835236687999e-05,0.0125987015093277,0.00797595263186509,"463/5649/1815/55079",4
"GO:1904936","BP","GO:1904936","interneuron migration","2/18","15/18805",0.133333333333333,139.296296296296,16.5853807119187,9.01953274306431e-05,0.0168965913386738,0.0106968493584412,"5649/55079",2
